1.066322380773837347e-03
1.027312452120579317e-03
9.955573104457550362e-04
1.222013672365637434e-03
1.062147320596225396e-03
1.201319832499663778e-03
1.329360125932273207e-03
1.376066626030266480e-03
1.399095506825666878e-03
1.311298087130379321e-03
1.456172396523270534e-03
1.424318913127815920e-03
1.507779127520580574e-03
1.547616209722234727e-03
1.604212521183145078e-03
1.728315889423079040e-03
1.809543456989969133e-03
1.781646836138180623e-03
1.788752033723201972e-03
1.987075102924648878e-03
2.033010968175767881e-03
2.217718458501397039e-03
2.040953159703279979e-03
2.328323990513440998e-03
2.319218359161956747e-03
2.411882752092717706e-03
2.781446727586142295e-03
2.635711239264176397e-03
2.847559170865187391e-03
2.754668820960724362e-03
3.191175958545829604e-03
3.188945953697760842e-03
3.282410130909142396e-03
2.996503460128839297e-03
3.571806472507555071e-03
3.504698657850248335e-03
3.941435782597895419e-03
3.797892268157060987e-03
3.857876169416990519e-03
4.766712124309251467e-03
4.304667644318898451e-03
4.463581405069159957e-03
5.477539857664037899e-03
4.912337334024685642e-03
5.320812805615306521e-03
5.512940242424056551e-03
5.207119071999955981e-03
6.132940392769683884e-03
5.838791383373956138e-03
6.076260350574027268e-03
6.375336434222087650e-03
6.705609363356778221e-03
6.867587209566174827e-03
6.304018811805559182e-03
7.506266281996118450e-03
7.007374189031378466e-03
7.247363375400337274e-03
8.292316643161538881e-03
8.405593199938953680e-03
8.116437824542245896e-03
8.712131630007601338e-03
9.269203171221929161e-03
8.941253144142341860e-03
1.011594165548357523e-02
9.476695149615207633e-03
9.682484462049752508e-03
1.028812083701478169e-02
1.138514979993989276e-02
1.127390739312630029e-02
1.084936097493961402e-02
1.135416287561910771e-02
1.291547716770445435e-02
1.215345756637724317e-02
1.314617652924454823e-02
1.274245222532799024e-02
1.401503253901698574e-02
1.373775902526796870e-02
1.327180389751197835e-02
1.466640645278581047e-02
1.529123545115708936e-02
1.526833290022319711e-02
1.487257753777200368e-02
1.468540233523245829e-02
1.637702320824417634e-02
1.761712217973441033e-02
1.726466988770421901e-02
1.762722189517665350e-02
1.827797943192293814e-02
1.859345690433087186e-02
1.830961794895835312e-02
1.689539636215258572e-02
1.868955189765610092e-02
1.857481919868407896e-02
1.967130687877094095e-02
2.153309730544081257e-02
2.089818645828817045e-02
2.102054724597717320e-02
2.138417429974548770e-02
2.167485214503770546e-02
2.165870368746090902e-02
2.239501282415573211e-02
2.310289250671744565e-02
2.065090330400020172e-02
2.425038887795574402e-02
2.469035726146948106e-02
2.477296637787348293e-02
2.449580747641686915e-02
2.398860351637204305e-02
2.299506220344670060e-02
2.527976116033714415e-02
2.406748432767516835e-02
2.344859342267188382e-02
2.752336644368846494e-02
2.757864917247483671e-02
2.589039723150790909e-02
2.729718952101576473e-02
2.575380160425459752e-02
2.623963081300185324e-02
2.831127930745245408e-02
2.661101971200342461e-02
2.584516241046125665e-02
2.633809657368128831e-02
2.793297820486901825e-02
2.780553292041498467e-02
2.640469318968485107e-02
2.718176880244943180e-02
2.654527028762313987e-02
2.852764728725197887e-02
2.915309780756638811e-02
2.535939026366022808e-02
2.717141335767838187e-02
2.901537138059295459e-02
2.557082125587024565e-02
2.868813428360117782e-02
2.541107038283364761e-02
2.566683751887908690e-02
2.868191210850256842e-02
2.727137104871385151e-02
2.599871761328605146e-02
2.494014266019827994e-02
2.819512024041518489e-02
2.662120284161150624e-02
2.559973435280736911e-02
2.754166031888312036e-02
2.315322923359036320e-02
2.322144973748802022e-02
2.659361064443018646e-02
2.330924203028175365e-02
2.454213854639100342e-02
2.416288141174639803e-02
2.606727441877958532e-02
2.182801357450714699e-02
2.275730023772400828e-02
2.592720161558354289e-02
2.337380330500016257e-02
2.302448390554268781e-02
2.384442063446763974e-02
2.395872849441355035e-02
2.140023155106927574e-02
1.977438309412164058e-02
2.248139160527676955e-02
2.095740809117341286e-02
2.263193345177577295e-02
2.024837898827830038e-02
2.084106865730354224e-02
2.081599679604977798e-02
2.085763284879172882e-02
2.184296456553099300e-02
2.076416422779423301e-02
2.081218900417930104e-02
2.016281402094895550e-02
1.764617095120897539e-02
1.898944549906734711e-02
1.956518885900003502e-02
1.710823898593310730e-02
1.804934810285188998e-02
1.784705702408664885e-02
1.836376914541419311e-02
1.669729379250340165e-02
1.783856599073256263e-02
1.700625075463227734e-02
1.533734503570927110e-02
1.596138126583227998e-02
1.563092355015737595e-02
1.457683175100174360e-02
1.464416493751783711e-02
1.525569102514951966e-02
1.417890619425881543e-02
1.478241446853446710e-02
1.423851572093952009e-02
1.337853064369679684e-02
1.325646044675800328e-02
1.436295581884888296e-02
1.163309656891037269e-02
1.234895984881473167e-02
1.278061405278478960e-02
1.219959770772724612e-02
1.152622525665474365e-02
1.081141070361179603e-02
1.222318274233617254e-02
1.156130020628687478e-02
1.146650624386006366e-02
1.139824533053971842e-02
1.080988591319647502e-02
1.103144315888130063e-02
9.838255978836366739e-03
1.048080601105897541e-02
1.014535189350644628e-02
9.551424020654938896e-03
1.005544076474979530e-02
9.638949722154125516e-03
1.032136410077698352e-02
9.259452080666015147e-03
9.109543666239020010e-03
9.266757913732347196e-03
9.834292051765052001e-03
8.610667374637422447e-03
8.974358260894214206e-03
8.091318409083881474e-03
8.250816087757292111e-03
8.367449111182437282e-03
8.342933069062424475e-03
7.973233965095522305e-03
7.832552452364428472e-03
7.948294857957149614e-03
8.312850604962770951e-03
6.832084600476824067e-03
6.795405823558966704e-03
8.086911913771333352e-03
7.376527552457121627e-03
7.379769533956740367e-03
7.179904454419690218e-03
6.721330841882036493e-03
7.367998450974360888e-03
6.911369486533501527e-03
7.322396398468574222e-03
6.823542210019256475e-03
6.730896367205619311e-03
6.509784572251600503e-03
6.754079350687680790e-03
5.982376274999345531e-03
6.468067789956787571e-03
5.918741886659989286e-03
5.980744052469917811e-03
6.198546695933426429e-03
6.387338870818660454e-03
5.926565142453015488e-03
5.732538687065158803e-03
5.664503059983568012e-03
5.685298057138853632e-03
6.045653605234452624e-03
6.002102026357051569e-03
5.762386626132237621e-03
5.506744181814860091e-03
5.593240685306737764e-03
5.819991729462930218e-03
5.621394135857951668e-03
5.544776140196219609e-03
5.308011039180605441e-03
5.310203743338764992e-03
5.450812550580861476e-03
4.753721298131272956e-03
5.287440922877356154e-03
5.169048642339496569e-03
4.943219782596700550e-03
5.021149115640409499e-03
4.824335133997463207e-03
4.818842189755264717e-03
4.859745042931868514e-03
4.921808779654165619e-03
4.756556361660815337e-03
4.420102440921262581e-03
4.925621531381317239e-03
4.726395513260588967e-03
4.661205037697171635e-03
4.356941949157129221e-03
4.811961360900272357e-03
4.852444562378403423e-03
3.982469228780280944e-03
4.363458404379857471e-03
4.529617299123931892e-03
4.084182442186466699e-03
4.403563657217390848e-03
4.516239448313768071e-03
3.797089158744234357e-03
4.073491313278635936e-03
3.908267972745636636e-03
3.767547832952784000e-03
4.109927605935020239e-03
3.760053707965226553e-03
4.312686720062615907e-03
3.642565746668040717e-03
3.720206237393671768e-03
3.910512462361329447e-03
3.599363217030043631e-03
3.982011238580209986e-03
3.929873120522128262e-03
4.202518755312211786e-03
4.009588061459512520e-03
3.517792957374354761e-03
3.937629711009355341e-03
3.767427684223558296e-03
3.579617835345176927e-03
3.877519770508629400e-03
3.692806582843275245e-03
3.526823351061049265e-03
3.490869100797907524e-03
3.511379194327328337e-03
3.451441670955458264e-03
3.906245826606597870e-03
3.828171597457461980e-03
3.445166728303930125e-03
3.496374128487973743e-03
3.458834368722143570e-03
3.405053163084599543e-03
3.422863223994393727e-03
3.550356858880328575e-03
3.632109496821851573e-03
3.317056876758978437e-03
3.424462562031186860e-03
3.404983600675254209e-03
3.401186995939594303e-03
3.377791922533554970e-03
3.403541457526346615e-03
3.355842527188325920e-03
3.246434043922222495e-03
3.300559506155113267e-03
3.294031051356477446e-03
3.229174380717565133e-03
3.380394021308245640e-03
2.958967924756609677e-03
2.931487884680935695e-03
3.185810122456997091e-03
2.975790109685277646e-03
2.788455075797283394e-03
3.095612648000106021e-03
3.163813782555001397e-03
2.757868256014311872e-03
2.941533204652745787e-03
2.991088119832559494e-03
2.734863272525790701e-03
2.729202486085153916e-03
2.843953946681386253e-03
2.842688131848939651e-03
2.943714216307233462e-03
2.753033111879959506e-03
2.652429967070203416e-03
2.666367920929011218e-03
2.820684314395385545e-03
2.618583261273765492e-03
2.640560954800865671e-03
2.826896146820169486e-03
2.950352545502915244e-03
2.927756071536873322e-03
2.632721681664774299e-03
2.763455761357174086e-03
2.752451878316667603e-03
2.789105698540255644e-03
2.552751896218519775e-03
2.531651264938255576e-03
2.795065983923007962e-03
2.610549693742780439e-03
2.849862768537360369e-03
2.923042397781268256e-03
2.580319599485951087e-03
2.512210432931038639e-03
2.681581119308106085e-03
2.646583960790329336e-03
2.578507931850312473e-03
2.790721953415123240e-03
2.570606471543920250e-03
2.622586295173002027e-03
2.588243878627008443e-03
2.682539871974978611e-03
2.728775724969293055e-03
2.834164232414564284e-03
2.767483462828151507e-03
2.665962732730905917e-03
2.645373851285156858e-03
3.048569741752439523e-03
2.938871730160453385e-03
2.694352297347069828e-03
2.764580850902757098e-03
2.810581859688423677e-03
2.920948275398078508e-03
2.845203969797560541e-03
2.775463760714605172e-03
2.908607354501047994e-03
3.020158882583626192e-03
2.826803524688154597e-03
2.740539279958372192e-03
2.763338546931465561e-03
3.039335485095166507e-03
2.899657280238001570e-03
2.903386402271808300e-03
2.953836917334248541e-03
2.701688903191779446e-03
3.089315326525632083e-03
3.037045902874614851e-03
3.069056710941757849e-03
2.899940630621578985e-03
3.214109757338953852e-03
2.999314514032271495e-03
3.347471677114744783e-03
3.073866585527335570e-03
3.190109977594515756e-03
3.058698856688973986e-03
2.907756656239960432e-03
3.176735793702804411e-03
3.287259071817449398e-03
3.375053115924688072e-03
3.139394968836363344e-03
3.439257492960075355e-03
3.551178371485812918e-03
3.233948346702936703e-03
3.179301031046938720e-03
3.389664356932335816e-03
3.450613634202994318e-03
3.619989111566920305e-03
3.382662938970598578e-03
3.908814470819563062e-03
3.754681564263588275e-03
4.022066488242810253e-03
3.662619227904488454e-03
3.684542969809737143e-03
3.583174158331539020e-03
3.627248581661226580e-03
4.068590060189967127e-03
4.357166289637163202e-03
4.319253483701789020e-03
4.143182024947143771e-03
4.354712211977101836e-03
4.512517289631359438e-03
4.584383795022559972e-03
4.110950625328761363e-03
4.328831335802754525e-03
4.151171800577404224e-03
4.639747696336823761e-03
5.018738072633005531e-03
4.584310012969094843e-03
4.693257238087241053e-03
5.131087490879157956e-03
4.756959636047207798e-03
4.995960998190353101e-03
5.003364048401249750e-03
5.040929034148241943e-03
5.080642874793875156e-03
5.055124909966816557e-03
5.509273049681667929e-03
5.169564583962921178e-03
5.475119242729252142e-03
5.489073261561497850e-03
5.367918380117797650e-03
5.088807322592196758e-03
5.191814312616207551e-03
5.742345109866112129e-03
5.667069167741665449e-03
6.024606440896357676e-03
5.342675994450626735e-03
6.209084572207537560e-03
5.789147398755419872e-03
5.553827457694643366e-03
5.694824808044573333e-03
5.979963480955550158e-03
6.024227670674885474e-03
6.912322169627422609e-03
6.701698419487571272e-03
5.976278875488024757e-03
6.763708649608344767e-03
6.830872796130179128e-03
6.963761708947502002e-03
6.690216946023890866e-03
7.589143895809336016e-03
7.442545987473064319e-03
7.639732805395835734e-03
6.816153749853310663e-03
7.220279305271130876e-03
7.378566462918526893e-03
7.399152879132090896e-03
7.612272413202245645e-03
7.650628908180609304e-03
7.573703499206789827e-03
7.607770532446363719e-03
7.588769437283404348e-03
8.020704247162670567e-03
8.161314981100637606e-03
8.082604202125049514e-03
8.009033413381713012e-03
8.448579111618137807e-03
8.392270742706634326e-03
8.163484111940386145e-03
7.838325209051557468e-03
7.803342723682713152e-03
9.355477032067818083e-03
8.249362949271815335e-03
9.531488684731267633e-03
9.447607329718814978e-03
8.731117336631242024e-03
9.313731909433480352e-03
9.199347063413375325e-03
