0.000000000000000000e+00
1.000138908181691821e+00
2.000277816363383643e+00
3.000416724545075908e+00
4.000555632726767286e+00
5.000694540908459551e+00
6.000833449090151817e+00
7.000972357271843194e+00
8.001111265453534571e+00
9.001250173635227725e+00
1.000138908181691910e+01
1.100152798999861048e+01
1.200166689818030363e+01
1.300180580636199501e+01
1.400194471454368639e+01
1.500208362272537954e+01
1.600222253090706914e+01
1.700236143908876230e+01
1.800250034727045545e+01
1.900263925545214505e+01
2.000277816363383820e+01
2.100291707181553136e+01
2.200305597999722096e+01
2.300319488817891411e+01
2.400333379636060727e+01
2.500347270454229687e+01
2.600361161272399002e+01
2.700375052090568317e+01
2.800388942908737278e+01
2.900402833726906593e+01
3.000416724545075908e+01
3.100430615363244868e+01
3.200444506181413828e+01
3.300458396999583499e+01
3.400472287817752459e+01
3.500486178635921419e+01
3.600500069454091090e+01
3.700513960272260050e+01
3.800527851090429010e+01
3.900541741908598681e+01
4.000555632726767641e+01
4.100569523544936601e+01
4.200583414363106272e+01
4.300597305181275232e+01
4.400611195999444192e+01
4.500625086817613862e+01
4.600638977635782823e+01
4.700652868453951783e+01
4.800666759272121453e+01
4.900680650090290413e+01
5.000694540908459373e+01
5.100708431726629044e+01
5.200722322544798004e+01
5.300736213362966964e+01
5.400750104181136635e+01
5.500763994999305595e+01
5.600777885817474555e+01
5.700791776635644226e+01
5.800805667453813186e+01
5.900819558271982146e+01
6.000833449090151817e+01
6.100847339908320777e+01
6.200861230726489737e+01
6.300875121544659407e+01
6.400889012362827657e+01
6.500902903180997328e+01
6.600916793999166998e+01
6.700930684817335248e+01
6.800944575635504918e+01
6.900958466453674589e+01
7.000972357271842839e+01
7.100986248090012509e+01
7.201000138908182180e+01
7.301014029726350429e+01
7.401027920544520100e+01
7.501041811362689771e+01
7.601055702180858020e+01
7.701069592999027691e+01
7.801083483817197362e+01
7.901097374635365611e+01
8.001111265453535282e+01
8.101125156271704952e+01
8.201139047089873202e+01
8.301152937908042873e+01
8.401166828726212543e+01
8.501180719544380793e+01
8.601194610362550463e+01
8.701208501180720134e+01
8.801222391998888384e+01
8.901236282817058054e+01
9.001250173635227725e+01
9.101264064453395974e+01
9.201277955271565645e+01
9.301291846089735316e+01
9.401305736907903565e+01
9.501319627726073236e+01
9.601333518544242907e+01
9.701347409362411156e+01
9.801361300180580827e+01
9.901375190998750497e+01
1.000138908181691875e+02
1.010140297263508842e+02
1.020141686345325809e+02
1.030143075427142634e+02
1.040144464508959601e+02
1.050145853590776568e+02
1.060147242672593393e+02
1.070148631754410360e+02
1.080150020836227327e+02
1.090151409918044152e+02
1.100152798999861119e+02
1.110154188081678086e+02
1.120155577163494911e+02
1.130156966245311878e+02
1.140158355327128845e+02
1.150159744408945670e+02
1.160161133490762637e+02
1.170162522572579604e+02
1.180163911654396429e+02
1.190165300736213396e+02
1.200166689818030363e+02
1.210168078899847188e+02
1.220169467981664155e+02
1.230170857063481122e+02
1.240172246145297947e+02
1.250173635227114914e+02
1.260175024308931881e+02
1.270176413390748706e+02
1.280177802472565531e+02
1.290179191554382498e+02
1.300180580636199466e+02
1.310181969718016433e+02
1.320183358799833400e+02
1.330184747881650367e+02
1.340186136963467050e+02
1.350187526045284017e+02
1.360188915127100984e+02
1.370190304208917951e+02
1.380191693290734918e+02
1.390193082372551885e+02
1.400194471454368568e+02
1.410195860536185535e+02
1.420197249618002502e+02
1.430198638699819469e+02
1.440200027781636436e+02
1.450201416863453403e+02
1.460202805945270086e+02
1.470204195027087053e+02
1.480205584108904020e+02
1.490206973190720987e+02
1.500208362272537954e+02
1.510209751354354921e+02
1.520211140436171604e+02
1.530212529517988571e+02
1.540213918599805538e+02
1.550215307681622505e+02
1.560216696763439472e+02
1.570218085845256439e+02
1.580219474927073122e+02
1.590220864008890089e+02
1.600222253090707056e+02
1.610223642172524023e+02
1.620225031254340990e+02
1.630226420336157958e+02
1.640227809417974640e+02
1.650229198499791607e+02
1.660230587581608575e+02
1.670231976663425542e+02
1.680233365745242509e+02
1.690234754827059476e+02
1.700236143908876159e+02
1.710237532990693126e+02
1.720238922072510093e+02
1.730240311154327060e+02
1.740241700236144027e+02
1.750243089317960994e+02
1.760244478399777677e+02
1.770245867481594644e+02
1.780247256563411611e+02
1.790248645645228578e+02
1.800250034727045545e+02
1.810251423808862512e+02
1.820252812890679195e+02
1.830254201972496162e+02
1.840255591054313129e+02
1.850256980136130096e+02
1.860258369217947063e+02
1.870259758299764030e+02
1.880261147381580713e+02
1.890262536463397680e+02
1.900263925545214647e+02
1.910265314627031614e+02
1.920266703708848581e+02
1.930268092790665548e+02
1.940269481872482231e+02
1.950270870954299198e+02
1.960272260036116165e+02
1.970273649117933132e+02
1.980275038199750099e+02
1.990276427281567067e+02
2.000277816363383749e+02
2.010279205445200716e+02
2.020280594527017684e+02
2.030281983608834651e+02
2.040283372690651618e+02
2.050284761772468585e+02
2.060286150854285268e+02
2.070287539936102235e+02
2.080288929017919202e+02
2.090290318099736169e+02
2.100291707181553136e+02
2.110293096263370103e+02
2.120294485345186786e+02
2.130295874427003753e+02
2.140297263508820720e+02
2.150298652590637687e+02
2.160300041672454654e+02
2.170301430754271621e+02
2.180302819836088304e+02
2.190304208917905271e+02
2.200305597999722238e+02
2.210306987081539205e+02
2.220308376163356172e+02
2.230309765245173139e+02
2.240311154326989822e+02
2.250312543408806789e+02
2.260313932490623756e+02
2.270315321572440723e+02
2.280316710654257690e+02
2.290318099736074657e+02
2.300319488817891340e+02
2.310320877899708307e+02
2.320322266981525274e+02
2.330323656063342241e+02
2.340325045145159208e+02
2.350326434226976176e+02
2.360327823308792858e+02
2.370329212390609825e+02
2.380330601472426792e+02
2.390331990554243760e+02
2.400333379636060727e+02
2.410334768717877694e+02
2.420336157799694377e+02
2.430337546881511344e+02
2.440338935963328311e+02
2.450340325045145278e+02
2.460341714126962245e+02
2.470343103208779212e+02
2.480344492290595895e+02
2.490345881372412862e+02
2.500347270454229829e+02
2.510348659536046796e+02
2.520350048617863763e+02
2.530351437699680730e+02
2.540352826781497413e+02
2.550354215863314380e+02
2.560355604945131063e+02
2.570356994026948314e+02
2.580358383108764997e+02
2.590359772190582248e+02
2.600361161272398931e+02
2.610362550354216182e+02
2.620363939436032865e+02
2.630365328517849548e+02
2.640366717599666799e+02
2.650368106681483482e+02
2.660369495763300733e+02
2.670370884845117416e+02
2.680372273926934099e+02
2.690373663008751350e+02
2.700375052090568033e+02
2.710376441172385285e+02
2.720377830254201967e+02
2.730379219336019219e+02
2.740380608417835901e+02
2.750381997499652584e+02
2.760383386581469836e+02
2.770384775663286518e+02
2.780386164745103770e+02
2.790387553826920453e+02
2.800388942908737135e+02
2.810390331990554387e+02
2.820391721072371070e+02
2.830393110154188321e+02
2.840394499236005004e+02
2.850395888317822255e+02
2.860397277399638938e+02
2.870398666481455621e+02
2.880400055563272872e+02
2.890401444645089555e+02
2.900402833726906806e+02
2.910404222808723489e+02
2.920405611890540172e+02
2.930407000972357423e+02
2.940408390054174106e+02
2.950409779135991357e+02
2.960411168217808040e+02
2.970412557299625291e+02
2.980413946381441974e+02
2.990415335463258657e+02
3.000416724545075908e+02
3.010418113626892591e+02
3.020419502708709842e+02
3.030420891790526525e+02
3.040422280872343208e+02
3.050423669954160459e+02
3.060425059035977142e+02
3.070426448117794394e+02
3.080427837199611076e+02
3.090429226281428328e+02
3.100430615363245010e+02
3.110432004445061693e+02
3.120433393526878945e+02
3.130434782608695627e+02
3.140436171690512879e+02
3.150437560772329562e+02
3.160438949854146244e+02
3.170440338935963496e+02
3.180441728017780179e+02
3.190443117099597430e+02
3.200444506181414113e+02
3.210445895263231364e+02
3.220447284345048047e+02
3.230448673426864730e+02
3.240450062508681981e+02
3.250451451590498664e+02
3.260452840672315915e+02
3.270454229754132598e+02
3.280455618835949281e+02
3.290457007917766532e+02
3.300458396999583215e+02
3.310459786081400466e+02
3.320461175163217149e+02
3.330462564245034400e+02
3.340463953326851083e+02
3.350465342408667766e+02
3.360466731490485017e+02
3.370468120572301700e+02
3.380469509654118951e+02
3.390470898735935634e+02
3.400472287817752317e+02
3.410473676899569568e+02
3.420475065981386251e+02
3.430476455063203503e+02
3.440477844145020185e+02
3.450479233226837437e+02
3.460480622308654119e+02
3.470482011390470802e+02
3.480483400472288054e+02
3.490484789554104736e+02
3.500486178635921988e+02
3.510487567717738671e+02
3.520488956799555353e+02
3.530490345881372605e+02
3.540491734963189288e+02
3.550493124045006539e+02
3.560494513126823222e+02
3.570495902208640473e+02
3.580497291290457156e+02
3.590498680372273839e+02
3.600500069454091090e+02
3.610501458535907773e+02
3.620502847617725024e+02
3.630504236699541707e+02
3.640505625781358390e+02
3.650507014863175641e+02
3.660508403944992324e+02
3.670509793026809575e+02
3.680511182108626258e+02
3.690512571190443509e+02
3.700513960272260192e+02
3.710515349354076875e+02
3.720516738435894126e+02
3.730518127517710809e+02
3.740519516599528060e+02
3.750520905681344743e+02
3.760522294763161426e+02
3.770523683844978677e+02
3.780525072926795360e+02
3.790526462008612611e+02
3.800527851090429294e+02
3.810529240172246546e+02
3.820530629254063228e+02
3.830532018335879911e+02
3.840533407417697163e+02
3.850534796499513845e+02
3.860536185581331097e+02
3.870537574663147780e+02
3.880538963744964462e+02
3.890540352826781714e+02
3.900541741908598397e+02
3.910543130990415648e+02
3.920544520072232331e+02
3.930545909154049014e+02
3.940547298235866265e+02
3.950548687317682948e+02
3.960550076399500199e+02
3.970551465481316882e+02
3.980552854563134133e+02
3.990554243644950816e+02
4.000555632726767499e+02
4.010557021808584750e+02
4.020558410890401433e+02
4.030559799972218684e+02
4.040561189054035367e+02
4.050562578135852050e+02
4.060563967217669301e+02
4.070565356299485984e+02
4.080566745381303235e+02
4.090568134463119918e+02
4.100569523544937169e+02
4.110570912626753852e+02
4.120572301708570535e+02
4.130573690790387786e+02
4.140575079872204469e+02
4.150576468954021720e+02
4.160577858035838403e+02
4.170579247117655086e+02
4.180580636199472337e+02
4.190582025281289020e+02
4.200583414363106272e+02
4.210584803444922954e+02
4.220586192526740206e+02
4.230587581608556889e+02
4.240588970690373571e+02
4.250590359772190823e+02
4.260591748854007506e+02
4.270593137935824757e+02
4.280594527017641440e+02
4.290595916099458123e+02
4.300597305181275374e+02
4.310598694263092057e+02
4.320600083344909308e+02
4.330601472426725991e+02
4.340602861508543242e+02
4.350604250590359925e+02
4.360605639672176608e+02
4.370607028753993859e+02
4.380608417835810542e+02
4.390609806917627793e+02
4.400611195999444476e+02
4.410612585081261159e+02
4.420613974163078410e+02
4.430615363244895093e+02
4.440616752326712344e+02
4.450618141408529027e+02
4.460619530490346278e+02
4.470620919572162961e+02
4.480622308653979644e+02
4.490623697735796895e+02
4.500625086817613578e+02
4.510626475899430829e+02
4.520627864981247512e+02
4.530629254063064195e+02
4.540630643144881446e+02
4.550632032226698129e+02
4.560633421308515381e+02
4.570634810390332063e+02
4.580636199472149315e+02
4.590637588553965998e+02
4.600638977635782680e+02
4.610640366717599932e+02
4.620641755799416615e+02
4.630643144881233866e+02
4.640644533963050549e+02
4.650645923044867232e+02
4.660647312126684483e+02
4.670648701208501166e+02
4.680650090290318417e+02
4.690651479372135100e+02
4.700652868453952351e+02
4.710654257535769034e+02
4.720655646617585717e+02
4.730657035699402968e+02
4.740658424781219651e+02
4.750659813863036902e+02
4.760661202944853585e+02
4.770662592026670268e+02
4.780663981108487519e+02
4.790665370190304202e+02
4.800666759272121453e+02
4.810668148353938136e+02
4.820669537435755387e+02
4.830670926517572070e+02
4.840672315599388753e+02
4.850673704681206004e+02
4.860675093763022687e+02
4.870676482844839938e+02
4.880677871926656621e+02
4.890679261008473304e+02
4.900680650090290555e+02
4.910682039172107238e+02
4.920683428253924490e+02
4.930684817335741172e+02
4.940686206417558424e+02
4.950687595499375107e+02
4.960688984581191789e+02
4.970690373663009041e+02
4.980691762744825724e+02
4.990693151826642975e+02
